{
 "cells": [
  {
   "cell_type": "markdown",
   "id": "46335492",
   "metadata": {},
   "source": [
    "# Álgebra Linear Computacional\n",
    "\n",
    "Algoritmo QR\n",
    "\n",
    "Profs. Alexandre Salles da Cunha e Ana Paula Couto da Silva"
   ]
  },
  {
   "cell_type": "code",
   "execution_count": 7,
   "id": "fd6a5b86",
   "metadata": {},
   "outputs": [],
   "source": [
    "import numpy as np\n",
    "from numpy.linalg import qr\n"
   ]
  },
  {
   "cell_type": "code",
   "execution_count": 5,
   "id": "da805ea9",
   "metadata": {
    "scrolled": false
   },
   "outputs": [
    {
     "name": "stdout",
     "output_type": "stream",
     "text": [
      "Matriz Simétrica\n",
      "Iteration 1:\n",
      "[[ 7.58078324e+02  8.99241394e+00  1.18060289e+01  2.56882887e+01\n",
      "  -2.57976893e-02]\n",
      " [ 8.99241394e+00  4.29254853e+01  1.07470896e+01 -1.45692839e+01\n",
      "  -6.06181271e-03]\n",
      " [ 1.18060289e+01  1.07470896e+01  8.08312675e+01 -1.54288608e+01\n",
      "  -1.63333884e-02]\n",
      " [ 2.56882887e+01 -1.45692839e+01 -1.54288608e+01  1.91328368e+01\n",
      "  -7.47217477e-03]\n",
      " [-2.57976893e-02 -6.06181271e-03 -1.63333884e-02 -7.47217477e-03\n",
      "   3.20866217e-02]]\n",
      "Iteration 2:\n",
      "[[ 7.59261108e+02  2.85270024e-01  7.55149371e-01  3.58318967e-01\n",
      "   1.09057844e-06]\n",
      " [ 2.85270024e-01  5.77672803e+01  2.13211111e+01 -3.38243130e+00\n",
      "   3.96139357e-06]\n",
      " [ 7.55149371e-01  2.13211111e+01  7.39455033e+01 -7.31738823e-01\n",
      "   4.98592274e-06]\n",
      " [ 3.58318967e-01 -3.38243130e+00 -7.31738823e-01  9.99403678e+00\n",
      "   3.45658078e-05]\n",
      " [ 1.09057844e-06  3.96139357e-06  4.98592273e-06  3.45658078e-05\n",
      "   3.20717181e-02]]\n",
      "Iteration 5:\n",
      "[[ 7.59262245e+02  1.20808570e-03  2.42323362e-04  7.59848380e-07\n",
      "  -3.46214573e-16]\n",
      " [ 1.20808570e-03  8.75168457e+01  7.36237295e+00 -7.78781002e-03\n",
      "  -5.77117052e-15]\n",
      " [ 2.42323362e-04  7.36237295e+00  4.44440320e+01  2.63239298e-02\n",
      "  -4.18643842e-15]\n",
      " [ 7.59848369e-07 -7.78781002e-03  2.63239298e-02  9.74480541e+00\n",
      "  -1.22670328e-12]\n",
      " [-8.21955921e-20 -3.24112869e-16  1.19678099e-16 -1.23680201e-12\n",
      "   3.20717180e-02]]\n",
      "Iteration 8:\n",
      "[[ 7.59262245e+02  1.96562878e-06  4.53025984e-08  1.61756859e-12\n",
      "   3.46143706e-16]\n",
      " [ 1.96562873e-06  8.87237435e+01  8.73758644e-01 -1.04520938e-05\n",
      "   6.01442296e-15]\n",
      " [ 4.53026613e-08  8.73758644e-01  4.32371565e+01  3.12127431e-04\n",
      "   3.46273847e-15]\n",
      " [ 1.60645363e-12 -1.04520938e-05  3.12127431e-04  9.74478310e+00\n",
      "  -1.01011268e-14]\n",
      " [ 6.19497829e-33  1.55072299e-26 -6.96675888e-26  4.40910292e-20\n",
      "   3.20717180e-02]]\n",
      "Iteration 10:\n",
      "[[ 7.59262245e+02  2.68576746e-08  1.46758933e-10  1.13801510e-14\n",
      "   3.46143724e-16]\n",
      " [ 2.68576267e-08  8.87395771e+01  2.07336497e-01 -1.26060526e-07\n",
      "   6.06448833e-15]\n",
      " [ 1.46822558e-10  2.07336497e-01  4.32213229e+01  1.58740254e-05\n",
      "   3.37420076e-15]\n",
      " [ 2.64623823e-16 -1.26060564e-07  1.58740254e-05  9.74478310e+00\n",
      "  -1.01012002e-14]\n",
      " [ 1.10535207e-41  2.02586392e-33 -3.85097580e-32  4.77584621e-25\n",
      "   3.20717180e-02]]\n",
      "Iteration 15:\n",
      "[[ 7.59262245e+02  6.33402968e-13 -6.37479396e-14  1.11155575e-14\n",
      "  -3.46143724e-16]\n",
      " [ 5.85766858e-13  8.87405208e+01  5.68221560e-03 -1.97445970e-12\n",
      "  -6.07937671e-15]\n",
      " [ 8.77568636e-17  5.68221560e-03  4.32203792e+01  9.24944821e-09\n",
      "  -3.34729688e-15]\n",
      " [ 9.21575243e-26 -2.01295817e-12  9.24945873e-09  9.74478310e+00\n",
      "   1.01012018e-14]\n",
      " [-1.48645830e-63 -1.24915409e-50  8.66639653e-48 -1.84416839e-37\n",
      "   3.20717180e-02]]\n",
      "Iteration 20:\n",
      "[[ 7.59262245e+02  4.76411348e-14 -6.38414793e-14  1.11155575e-14\n",
      "   3.46143724e-16]\n",
      " [ 1.27754339e-17  8.87405215e+01  1.55722247e-04  3.84650399e-14\n",
      "   6.07978305e-15]\n",
      " [ 5.24523444e-23  1.55722247e-04  4.32203785e+01  5.37879843e-12\n",
      "   3.34655877e-15]\n",
      " [ 3.20946511e-35 -3.21429515e-17  5.38932508e-12  9.74478310e+00\n",
      "  -1.01012018e-14]\n",
      " [ 1.99896334e-85  7.70224373e-68 -1.94987569e-63  7.12116116e-50\n",
      "   3.20717180e-02]]\n",
      "Iteration 30:\n",
      "[[ 7.59262245e+002  4.76281411e-014 -6.38416422e-014  1.11155575e-014\n",
      "   3.46143724e-016]\n",
      " [ 6.07683409e-027  8.87405215e+001  1.16954385e-007  3.84971469e-014\n",
      "   6.07979449e-015]\n",
      " [ 1.87384005e-035  1.16954398e-007  4.32203785e+001 -1.05249507e-014\n",
      "   3.34653798e-015]\n",
      " [ 3.89256953e-054 -8.19573211e-027  1.82966039e-018  9.74478310e+000\n",
      "  -1.01012018e-014]\n",
      " [ 3.61500608e-129  2.92832813e-102 -9.87059908e-095  1.06182096e-074\n",
      "   3.20717180e-002]]\n"
     ]
    }
   ],
   "source": [
    "A1 = np.array([[85, 102,70,129,137], \n",
    "              [102,167, 85,157,189],[70,85,110,91,151],[129,157,91,272,218],[137,189,151,218,267]])\n",
    "p = [1, 2, 5, 8, 10, 15, 20,30]\n",
    "print ('Matriz Simétrica')\n",
    "for i in range(30):\n",
    "    q, r = qr(A1)\n",
    "    A1 = np.dot(r, q)\n",
    "    if i+1 in p:\n",
    "        print(f'Iteration {i+1}:')\n",
    "        print(A1)"
   ]
  },
  {
   "cell_type": "code",
   "execution_count": 6,
   "id": "b4e912e7",
   "metadata": {
    "scrolled": false
   },
   "outputs": [
    {
     "name": "stdout",
     "output_type": "stream",
     "text": [
      "Matriz Não Simétrica\n",
      "Iteration 1:\n",
      "[[ 22.27731092 -11.84603223   5.10654821   2.69112544   2.05655287]\n",
      " [ -4.00373109   1.59857959  -2.53618705  -3.27000485   2.21792558]\n",
      " [  5.78428056  -7.18353361  -0.89765507   5.14812184  -3.48226483]\n",
      " [ -1.58194859  -2.23168636   6.27513282  -0.4911526    1.25129682]\n",
      " [  0.           2.23958319  -2.8531199    0.79518429   0.51291716]]\n",
      "Iteration 2:\n",
      "[[25.3776899   1.09369054 -7.58809147  7.75850027 -0.4688953 ]\n",
      " [ 1.56347392  3.61886833 -1.84608164  5.18223863  2.03363933]\n",
      " [-1.89054605 -2.71810365 -6.33631567 -2.68497865  1.56192773]\n",
      " [-0.26487517  3.48238123 -3.43214619 -0.95396849  0.87799838]\n",
      " [ 0.          0.62548727 -0.35525001 -0.48442733  1.29372592]]\n",
      "Iteration 5:\n",
      "[[ 2.60188414e+01  5.46410488e+00  8.20720126e-01  7.87908647e+00\n",
      "   2.14389171e+00]\n",
      " [ 9.64711151e-03  5.09103439e+00  4.83863898e+00 -7.33313407e-01\n",
      "  -6.41969993e-01]\n",
      " [ 5.22290448e-02  4.29276463e+00 -6.07557378e+00  2.00697699e+00\n",
      "  -2.23230408e+00]\n",
      " [ 6.34815042e-04 -5.82020607e-01 -4.43688458e-01 -3.28967881e+00\n",
      "   4.92701567e-01]\n",
      " [ 0.00000000e+00 -4.85699228e-03 -2.59973035e-03 -4.38763499e-02\n",
      "   1.25537678e+00]]\n",
      "Iteration 8:\n",
      "[[ 2.60246714e+01  3.91311560e+00 -2.84169051e+00  8.33231156e+00\n",
      "  -2.05823510e+00]\n",
      " [-8.89607729e-05  3.70980144e+00 -5.44989742e+00  1.66177420e+00\n",
      "   2.10290698e+00]\n",
      " [-1.27354290e-03 -6.20895891e+00 -4.61431201e+00  1.69424847e+00\n",
      "   1.05202869e+00]\n",
      " [-1.36544771e-06  7.01676349e-02 -5.34124695e-02 -3.37058762e+00\n",
      "  -5.14616841e-01]\n",
      " [ 0.00000000e+00  3.02085571e-05 -1.80032216e-05 -2.27553644e-03\n",
      "   1.25042675e+00]]\n",
      "Iteration 10:\n",
      "[[ 2.60248087e+01  3.60779102e+00 -3.29335571e+00  8.30249133e+00\n",
      "  -2.06179779e+00]\n",
      " [-2.76792705e-05  2.22372133e+00 -6.27175235e+00  1.80699836e+00\n",
      "   2.20879226e+00]\n",
      " [-1.01623193e-04 -7.01790124e+00 -3.11563159e+00  1.53663754e+00\n",
      "   7.93228254e-01]\n",
      " [-2.30955281e-08  1.67259065e-02 -1.48360082e-02 -3.38354603e+00\n",
      "  -5.28415430e-01]\n",
      " [ 0.00000000e+00  9.83224823e-07 -7.27712131e-07 -3.11186379e-04\n",
      "   1.25064755e+00]]\n",
      "Iteration 15:\n",
      "[[ 2.60248191e+01  3.55206780e+00  3.37923305e+00  8.29183027e+00\n",
      "   2.06236206e+00]\n",
      " [-1.45101285e-07 -2.12833433e+00  7.33064475e+00 -1.41989802e+00\n",
      "   6.31402390e-01]\n",
      " [ 1.52689656e-07  6.58923267e+00  1.23988021e+00  1.89804897e+00\n",
      "  -2.25908077e+00]\n",
      " [ 8.62096943e-13 -3.89648179e-04 -6.25664247e-04 -3.38704833e+00\n",
      "   5.32947862e-01]\n",
      " [ 0.00000000e+00 -1.57291765e-10 -2.27931150e-10 -2.13785621e-06\n",
      "   1.25068338e+00]]\n",
      "Iteration 20:\n",
      "[[ 2.60248191e+01 -1.13144420e+00  4.76970666e+00  8.29220112e+00\n",
      "  -2.06235820e+00]\n",
      " [ 3.94120736e-10 -5.66866659e+00 -4.52632175e+00 -2.35509814e+00\n",
      "  -2.26980524e+00]\n",
      " [ 2.11813252e-10 -5.26791195e+00  4.78019537e+00 -2.70629381e-01\n",
      "   5.91767382e-01]\n",
      " [-3.21891267e-17 -8.38452196e-06  2.24748900e-05 -3.38703098e+00\n",
      "  -5.32870560e-01]\n",
      " [ 0.00000000e+00 -2.32357352e-14  5.77318924e-14 -1.46764324e-08\n",
      "   1.25068313e+00]]\n",
      "Iteration 30:\n",
      "[[ 2.60248191e+01  2.41667004e-01  4.89612629e+00  8.29218978e+00\n",
      "  -2.06235822e+00]\n",
      " [ 1.97047799e-15 -7.47799783e+00 -9.71821156e-01 -2.33729277e+00\n",
      "  -2.01519857e+00]\n",
      " [ 2.90770203e-16 -1.71340610e+00  6.58952880e+00  3.95942644e-01\n",
      "   1.20048949e+00]\n",
      " [-4.48772803e-26 -2.76962175e-09  2.57500581e-08 -3.38703318e+00\n",
      "  -5.32874452e-01]\n",
      " [ 0.00000000e+00 -3.61723711e-22  3.14518940e-21 -6.91670170e-13\n",
      "   1.25068313e+00]]\n"
     ]
    }
   ],
   "source": [
    "A2 = np.array([[10,4,9,8,2], \n",
    "              [8,1,8,7,7],[5,3,6,1,9],[7,4,4,3,5],[0,2,9,7,3]])\n",
    "p = [1, 2, 5, 8, 10, 15, 20,30]\n",
    "print ('Matriz Não Simétrica')\n",
    "for i in range(30):\n",
    "    q, r = qr(A2)\n",
    "    A2 = np.dot(r, q)\n",
    "    if i+1 in p:\n",
    "        print(f'Iteration {i+1}:')\n",
    "        print(A2)"
   ]
  },
  {
   "cell_type": "code",
   "execution_count": null,
   "id": "6e52e3e8",
   "metadata": {},
   "outputs": [],
   "source": []
  },
  {
   "cell_type": "code",
   "execution_count": null,
   "id": "254b08a7",
   "metadata": {},
   "outputs": [],
   "source": []
  }
 ],
 "metadata": {
  "kernelspec": {
   "display_name": "Python 3",
   "language": "python",
   "name": "python3"
  },
  "language_info": {
   "codemirror_mode": {
    "name": "ipython",
    "version": 3
   },
   "file_extension": ".py",
   "mimetype": "text/x-python",
   "name": "python",
   "nbconvert_exporter": "python",
   "pygments_lexer": "ipython3",
   "version": "3.8.8"
  }
 },
 "nbformat": 4,
 "nbformat_minor": 5
}
